<?xml version="1.0"?>
<opencv_storage>
<classifications type_id="opencv-matrix">
  <rows>102</rows>
  <cols>1</cols>
  <dt>i</dt>
  <data>
    55 52 57 56 54 53 51 50 90 89 88 87 86 85 84 82 80 78 77 76 75 72 70
    69 68 66 65 83 81 79 71 67 57 56 55 54 53 52 51 50 49 68 66 65 90 89
    88 87 86 85 84 83 82 81 80 79 78 77 76 75 74 73 72 71 70 69 67 50 49
    53 51 55 52 56 54 57 81 86 84 83 82 87 88 85 90 89 73 71 72 70 80 79
    76 67 69 65 74 66 78 75 68 77</data></classifications>
</opencv_storage>
